78.0
57.333333333
79.666666667
72.333333333
57.333333333
57.333333333
63.666666667
37.333333333
60.666666667
59.333333333
64.0
83.333333333
42.333333333
39.333333333
85.666666667
76.666666667
76.333333333
64.333333333
76.333333333
72.666666667
61.666666667
47.333333333
59.333333333
66.333333333
45.666666667
63.0
53.0
74.0
57.333333333
49.0
73.333333333
66.333333333
53.333333333
58.0
88.0
63.0
32.0
77.666666667
76.0
59.333333333
67.333333333
58.666666667
51.333333333
74.666666667
64.333333333
84.0
69.333333333
41.666666667
89.666666667
90.333333333
69.666666667
62.0
60.666666667
49.666666667
45.333333333
48.333333333
71.0
80.333333333
66.333333333
68.333333333
43.333333333
68.666666667
44.666666667
68.666666667
80.0
43.333333333
44.333333333
57.666666667
48.666666667
61.0
69.333333333
45.666666667
67.0
59.333333333
63.666666667
81.333333333
45.666666667
56.0
71.0
53.0
64.333333333
54.333333333
58.0
71.0
92.0
49.333333333
48.0
61.333333333
49.333333333
30.333333333
96.0
52.0
53.0
55.666666667
39.0
67.333333333
78.333333333
54.333333333
40.666666667
38.666666667
50.0
63.544554455 62.455445545 58.633663366